30,32,34,36,38,40,42,44,46,48,50,52,54,56,58,60,62,64,66,68,70,72,74,76,78,80,82,84,86,88,90,92,94,96,98,100,102,104,106,108,110,112,114,116,118,120,122,124,126,128,130,132,134,136,138,140,142,144,146,148,150,152,154,156,158,160,162,164,166,168,170,172,174,176,178,180,182,184,186,188,190,192,194,196,198
1.1200904896275385e-05,0.0333333333333,3.0821238343606723
1.0800735114532247e-05,0.03125,2.928408124437287
1.0109143614865579e-05,0.0294117647059,2.790778521029933
9.323599933583037e-06,0.0277777777778,2.6667581508557108
9.108585075358328e-06,0.0263157894737,2.5543613605340996
8.639249527524033e-06,0.025,2.4519766425809504
8.217985197228463e-06,0.0238095238095,2.358281708343667
8.377773383244476e-06,0.0227272727273,2.2721808202785585
7.750253596044412e-06,0.0217391304348,2.1927578351529524
7.5287764208337864e-06,0.0208333333333,2.119240528955118
7.130226582837624e-06,0.02,2.050973150269382
7.386336196712835e-06,0.0192307692308,1.9873950608706878
7.186609537545869e-06,0.0185185185185,1.9280239381709168
6.870493314525174e-06,0.0178571428571,1.8724424372064152
6.190371260803378e-06,0.0172413793103,1.8202875050330531
6.219917295745855e-06,0.0166666666667,1.7712417493234172
6.152205333651758e-06,0.0161290322581,1.72502641281213
6.063991818354196e-06,0.015625,1.6813956140391577
5.815084793506886e-06,0.0151515151515,1.640131594744544
5.6165556586781215e-06,0.0147058823529,1.6010407735720555
5.573086188897231e-06,0.0142857142857,1.5639504501912416
5.484529788598361e-06,0.0138888888889,1.5287060375761738
5.452207195011542e-06,0.0135135135135,1.4951687258410689
5.254310480486079e-06,0.0131578947368,1.4632135007755676
5.008406993619586e-06,0.0128205128205,1.4327274555276266
4.8713319817597624e-06,0.0125,1.4036083458332258
4.897208426033876e-06,0.0121951219512,1.3757633485881302
4.6021769147419395e-06,0.0119047619048,1.3491079909919081
4.7359548112435505e-06,0.0116279069767,1.3235652234137174
4.812486560395806e-06,0.0113636363636,1.2990646138692807
4.47484998879003e-06,0.0111111111111,1.275541645815093
4.49169492455927e-06,0.0108695652174,1.2529371040551056
4.430795332542865e-06,0.0106382978723,1.2311965360681432
4.6035583402595075e-06,0.0104166666667,1.2102697781183311
4.249178181400256e-06,0.0102040816327,1.1901105371973317
4.120570077982448e-06,0.01,1.1706760212379634
4.049858293615753e-06,0.00980392156863,1.151926611190501
4.0732660916060635e-06,0.00961538461538,1.133825569510447
4.02745248368234e-06,0.00943396226415,1.1163387804056837
3.809772925936222e-06,0.00925925925926,1.0994345178602747
3.831468244668404e-06,0.00909090909091,1.0830832380148254
3.7040463554686897e-06,0.00892857142857,1.0672573929578635
3.7127222008421757e-06,0.00877192982456,1.0519312633842388
3.604029062833771e-06,0.00862068965517,1.0370808079173892
3.551630608056455e-06,0.00847457627119,1.022683527182482
3.441499920848662e-06,0.00833333333333,1.0087183409652194
3.6577741744563213e-06,0.00819672131148,0.9951654770032342
3.4261881647456445e-06,0.00806451612903,0.982006370139153
3.4971466755067548e-06,0.00793650793651,0.969223570721172
3.319361876093717e-06,0.0078125,0.9568006612723078
3.484804252835115e-06,0.00769230769231,0.9447221805665168
3.2087845634613552e-06,0.00757575757576,0.9329735543513731
3.0308737492370727e-06,0.00746268656716,0.9215410320452
3.278513150285381e-06,0.00735294117647,0.9104116288133691
3.2064001048016513e-06,0.00724637681159,0.8995730724955582
3.0147385719556018e-06,0.00714285714286,0.8890137549143965
3.216606803320161e-06,0.00704225352113,0.8787226871473571
3.247219313200854e-06,0.00694444444444,0.8686894583888879
3.1504000550405473e-06,0.00684931506849,0.8589041980695071
3.0470357117920104e-06,0.00675675675676,0.8493575409335937
2.81651079141344e-06,0.00666666666667,0.840040594808527
2.971852143086092e-06,0.00657894736842,0.8309449108251767
2.9022197132005873e-06,0.00649350649351,0.822062455873981
2.912503210581664e-06,0.00641025641026,0.8133855871023512
2.8975306367408078e-06,0.00632911392405,0.8049070282782704
2.7563049267220914e-06,0.00625,0.7966198478619659
2.586734476563412e-06,0.00617283950617,0.7885174386427231
2.8016828229807565e-06,0.00609756097561,0.7805934988114542
2.7917198299333855e-06,0.00602409638554,0.7728420143517648
2.8311218992932066e-06,0.00595238095238,0.7652572426431128
2.6942101137517842e-06,0.00588235294118,0.7578336971793869
2.632294519193513e-06,0.00581395348837,0.7505661333149793
2.649302851406732e-06,0.00574712643678,0.7434495349582833
2.5781128707896725e-06,0.00568181818182,0.7364791021396205
2.6088659994803805e-06,0.00561797752809,0.7296502393869916
2.692378858631349e-06,0.00555555555556,0.7229585448487826
2.5156416373350878e-06,0.00549450549451,0.7163998001077807
2.47427224959142e-06,0.0054347826087,0.7099699606355436
2.5069557289739945e-06,0.00537634408602,0.7036651468404358
2.4203550609174203e-06,0.00531914893617,0.6974816356665037
2.4914593536656464e-06,0.00526315789474,0.6914158527038727
2.516825549699137e-06,0.00520833333333,0.6854643647745329
2.5195720064341563e-06,0.00515463917526,0.6796238729602758
2.3647050779031536e-06,0.00510204081633,0.6738912060421862
2.3977650981134884e-06,0.00505050505051,0.6682633143234957