30,31,32,33,34,35,36,37,38,39,40,41,42,43,44,45,46,47,48,49,50,51,52,53,54,55,56,57,58,59,60,61,62,63,64,65,66,67,68,69,70,71,72,73,74,75,76,77,78,79,80,81,82,83,84,85,86,87,88,89,90,91,92,93,94,95,96,97,98,99,100,101,102,103,104,105,106,107,108,109,110,111,112,113,114,115,116,117,118,119,120,121,122,123,124,125,126,127,128,129,130,131,132,133,134,135,136,137,138,139,140,141,142,143,144,145,146,147,148,149,150,151,152,153,154,155,156,157,158,159,160,161,162,163,164,165,166,167,168,169,170,171,172,173,174,175,176,177,178,179,180,181,182,183,184,185,186,187,188,189,190,191,192,193,194,195,196,197,198,199
0.000309237016906013,0.00111111111111,0.10273746114535574
0.000258520185579913,0.00104058272633,0.09687345610747716
0.0002580240246133865,0.0009765625,0.09151275388866521
0.0002718305378501356,0.000918273645546,0.08659850078947198
0.00024470959766262676,0.000865051903114,0.08208172120676274
0.0002167060806673002,0.000816326530612,0.07792003540130182
0.0002305146128804103,0.000771604938272,0.07407661530154752
0.00019515345196365893,0.00073046018992,0.07051932899499101
0.00019215434497663514,0.000692520775623,0.06722003580352894
0.00019965128923425172,0.000657462195924,0.06415400230255051
0.0001802951695300823,0.000625,0.06129941606452376
0.00017061400421364238,0.00059488399762,0.05863697881690141
0.0001641039621466628,0.000566893424036,0.056149564484373034
0.0001468734734316278,0.000540832882639,0.05382193051639769
0.00015758794353619944,0.00051652892562,0.05164047318814906
0.000142884399865434,0.000493827160494,0.049593019358899884
0.00012744394633876663,0.00047258979206,0.047668648590281575
0.00013141374274199357,0.000452693526483,0.04585754065339277
0.0001276461439079217,0.000434027777778,0.044150844353231626
0.00011311725814020304,0.000416493127863,0.04254056432080171
0.00012023691091040333,0.0004,0.04101946300538764
0.00010319424246472209,0.000384467512495,0.039580975571144886
0.00010375193678410166,0.000369822485207,0.038219135785974766
9.478062993840889e-05,0.000355998576006,0.0369285113043483
0.00010533409458366919,0.000342935528121,0.035704147003165126
8.82180574446068e-05,0.000330578512397,0.034541515241812745
8.705470785508272e-05,0.00031887755102,0.0334364720929717
9.208193649661908e-05,0.000307787011388,0.03238521873627414
8.393768246167587e-05,0.000297265160523,0.031384267328156086
7.717015889620513e-05,0.000287273771905,0.030430410762556828
8.221853817224001e-05,0.000277777777778,0.029520695822056953
7.785007848776083e-05,0.000268744961032,0.028652399290482425
7.44970350428684e-05,0.000260145681582,0.027823006658260162
7.096289984960317e-05,0.000251952632905,0.027030193102791686
7.383785757701632e-05,0.000244140625,0.02627180646936184
6.435915301331946e-05,0.000236686390533,0.02554585201489451
6.774243647257773e-05,0.000229568411387,0.02485047870825067
6.298442016819237e-05,0.000222766763199,0.0241839669076012
6.0207097628377274e-05,0.000216262975779,0.023544717258412583
6.41703100876617e-05,0.000210039907582,0.022931240675352224
5.929511882849283e-05,0.000204081632653,0.022342149288446307
5.300458244639015e-05,0.000198373338623,0.021776148248520574
5.5742291027495345e-05,0.000192901234568,0.02123202829966908
5.146300310548948e-05,0.00018765246763,0.020708659037519145
4.636180237098428e-05,0.00018261504748,0.020204982781636065
5.160419786034032e-05,0.000177777777778,0.019720008998746777
4.882880534259962e-05,0.000173130193906,0.01925280922073115
4.206181101275619e-05,0.000168662506325,0.018802512407681635
4.623271790659317e-05,0.000164365548981,0.018368300711892646
4.421991110607577e-05,0.000160230732254,0.017949405603517606
4.151080635500235e-05,0.00015625,0.017545104322915325
4.289846817958006e-05,0.000152415790276,0.01715471662847733
4.087820471520259e-05,0.000148720999405,0.016777601812050368
3.920858579372618e-05,0.000145158949049,0.016413155957001893
4.176906139649461e-05,0.000141723356009,0.016060809416570336
3.676597545703254e-05,0.000138408304498,0.015720024492438776
3.879777052477553e-05,0.00013520822066,0.015390293295508343
3.5924051023160425e-05,0.000132117849121,0.015071135772656888
3.518000677531508e-05,0.000129132231405,0.01476209788487819
3.48380300746812e-05,0.000126246686024,0.014462749923630386
3.4641676530460114e-05,0.000123456790123,0.014172684953501033
3.4380340735015e-05,0.000120758362517,0.01389151737043797
3.067748504017864e-05,0.000118147448015,0.013618881565816367
3.0872927494117315e-05,0.000115620302925,0.013354430687526527
3.140041127190936e-05,0.000113173381621,0.01309783549008663
2.923010766655699e-05,0.0001108033241,0.012848783266520211
3.248859316462465e-05,0.000108506944444,0.012606976855399282
2.809061268912167e-05,0.000106281220108,0.012372133717048584
2.910602014614721e-05,0.000104123281966,0.01214398507344216
2.8433321389642147e-05,0.000102030405061,0.01192227510680641
2.505670353151156e-05,0.0001,0.011706760212379633
2.6278142318635228e-05,9.80296049407e-05,0.011497208301172046
2.5732009735442646e-05,9.61168781238e-05,0.011293398148926482
2.5720027080396788e-05,9.42595909134e-05,0.011095118787802692
2.5348976993677774e-05,9.24556213018e-05,0.010902168937600452
2.5228517704086977e-05,9.07029478458e-05,0.010714356473602039
2.2364169342370386e-05,8.89996440014e-05,0.010531497928355508
2.3162532255843796e-05,8.73438728273e-05,0.010353418024939182
2.2182853289357912e-05,8.57338820302e-05,0.010179949239446987
2.3521224794627558e-05,8.41679993267e-05,0.010010931390615657
2.327970000239869e-05,8.26446280992e-05,0.00984621125468023
2.2070026544908043e-05,8.11622433244e-05,0.009685642203695053
2.063670967673647e-05,7.97193877551e-05,0.009529083865695209
2.166450589148714e-05,7.83146683374e-05,0.009376401805199214
2.0641377730533966e-05,7.6946752847e-05,0.009227467222668762
2.139691627312763e-05,7.56143667297e-05,0.009082156671646753
1.9443023586098308e-05,7.43162901308e-05,0.008940351792391287
2.1867720502684373e-05,7.30513551026e-05,0.0088019390609117
1.8968388876383042e-05,7.18184429762e-05,0.008666809552393915
1.9647020521271304e-05,7.06164818869e-05,0.008534858718076872
1.8771639303773603e-05,6.94444444444e-05,0.00840598617471016
1.989475214691433e-05,6.83013455365e-05,0.008280095505786077
1.8044680383358146e-05,6.7186240258e-05,0.008157094073797002
1.7905131453979353e-05,6.60982219578e-05,0.00803689284282251
1.783377017244721e-05,6.50364203954e-05,0.007919406210799621
1.8747996199366893e-05,6.4e-05,0.00780455185087493
1.6333429494811563e-05,6.29881582263e-05,0.007692250561279143
1.8504823543425e-05,6.20001240002e-05,0.007582426123203074
1.627601797085047e-05,6.103515625e-05,0.0074750051661899046
1.6136320756692277e-05,6.00925425155e-05,0.007369917040591287
1.5525904754770216e-05,5.91715976331e-05,0.007267093696665514
1.5848618704677665e-05,5.82716624905e-05,0.007166469569924042
1.5612943277409933e-05,5.73921028466e-05,0.007067981472358887
1.5449496688006375e-05,5.65323082141e-05,0.006971568489207506
1.5013470683980766e-05,5.56916907997e-05,0.006877171880934329
1.5415711703798692e-05,5.48696844993e-05,0.006784734990128837
1.522568587918982e-05,5.40657439446e-05,0.006694203153039479
1.4206397397151042e-05,5.32793435985e-05,0.006605523615480614
1.403700174741338e-05,5.25099768956e-05,0.006518645452866363
1.383755249428866e-05,5.17571554267e-05,0.00643351949414085
1.5183687282368937e-05,5.10204081633e-05,0.0063500982493885465
1.3892998636718676e-05,5.02992807203e-05,0.0062683358409221165
1.4412822914506844e-05,4.95933346558e-05,0.006188187937657444
1.3181287653096566e-05,4.89021468042e-05,0.0061096116925973346
1.310158490943677e-05,4.8225308642e-05,0.006032565683256165
1.3790381460870761e-05,4.75624256837e-05,0.005957009854867917
1.2649791976422018e-05,4.69131169075e-05,0.005882905466229501
1.2699229606594088e-05,4.6277014207e-05,0.005810215038040079
1.2534570114646788e-05,4.565376187e-05,0.005738902303605363
1.2454210759749345e-05,4.50430160804e-05,0.005668932161783561
1.1923622455538548e-05,4.44444444444e-05,0.005600270632056847
1.2986142547957188e-05,4.38577255384e-05,0.0055328848116190125
1.2194293346403875e-05,4.32825484765e-05,0.005466742834376163
1.1707697037152881e-05,4.27186124995e-05,0.005401813831763372
1.0601366446016713e-05,4.21656265812e-05,0.005338067895285591
1.1333986853304518e-05,4.16233090531e-05,0.005275476040696403
1.1485239031254626e-05,4.10913872452e-05,0.005214010173733021
1.0910043896383975e-05,4.05695971439e-05,0.005153643057330468
1.0466051296500082e-05,4.00576830636e-05,0.005094348280242218
1.0212581976899516e-05,3.9555397334e-05,0.005036100226998491
1.017843395714256e-05,3.90625e-05,0.004978874049137287
1.0555561582157411e-05,3.85787585356e-05,0.0049226456376466375
1.0123663843587285e-05,3.8103947569e-05,0.004867391596560019
1.0127831761046313e-05,3.76378486206e-05,0.004813089217649907
1.0211904344822384e-05,3.71802498513e-05,0.004759716456167404
9.924944625127484e-06,3.67309458219e-05,0.004707251907578692
1.0324159913100422e-05,3.62897372623e-05,0.004655674785251595
1.0210250925783399e-05,3.58564308509e-05,0.004604964899048031
9.262995271801074e-06,3.54308390023e-05,0.004555102634780433
9.886508246464905e-06,3.50127796646e-05,0.00450606893449239
9.94240959837347e-06,3.46020761246e-05,0.0044578452775258055
9.136225471551821e-06,3.41985568209e-05,0.004410413662338826
9.008528660199204e-06,3.3802055165e-05,0.0043637565890405775
8.515241769405203e-06,3.34124093688e-05,0.004317857042610509
8.795700320255124e-06,3.30294622804e-05,0.004272698476771743
8.657680228823139e-06,3.26530612245e-05,0.004228264798489359
8.938536874055966e-06,3.22830578512e-05,0.004184540353066026
8.250567087523411e-06,3.19193079894e-05,0.004141509909808713
8.45936766099595e-06,3.15616715061e-05,0.004099158648241526
8.518725700016119e-06,3.12100121719e-05,0.004057472144840966
8.661437569959467e-06,3.08641975309e-05,0.004016436360271014
8.40598189522879e-06,3.0524098776e-05,0.003976037627096576
7.944484130008884e-06,3.01895906292e-05,0.0039362626379548385
7.582886889643073e-06,2.98605512258e-05,0.0038970984341650788
7.6797686991495e-06,2.95368620038e-05,0.003858532394758389
8.227584361901085e-06,2.92184075968e-05,0.0038205522259096665
7.3651821621310975e-06,2.89050757313e-05,0.003783145950755031
7.110499161382505e-06,2.85967571277e-05,0.003746301899578663
6.980223642034573e-06,2.82933454052e-05,0.0037100087003537428
7.764142366586395e-06,2.79947369894e-05,0.003674255269622949
7.356470545860306e-06,2.77008310249e-05,0.003639030803704593
7.720672972089888e-06,2.74115292892e-05,0.0036043247702111218
7.504703211148239e-06,2.71267361111e-05,0.003570126899867359
6.882194725855851e-06,2.68463582915e-05,0.003536427178616367
7.414191847773823e-06,2.65703050271e-05,0.0035032158400014218
7.409746922583443e-06,2.62984878369e-05,0.003470483357813069
7.110367958536723e-06,2.60308204915e-05,0.0034382204389907457
7.056039270355808e-06,2.57672189441e-05,0.0034064180167689075
6.725574645869457e-06,2.55076012652e-05,0.003375067244058059
7.089172155527565e-06,2.52518875786e-05,0.0033441594870515